<?xml version="1.0"?>
<opencv_storage>
<nmarkers>1024</nmarkers>
<markersize>6</markersize>
<tau0>9</tau0>
<marker_0>"101011010100101001010100111100011010"</marker_0>
<marker_1>"110101010110011010101101100101001011"</marker_1>
<marker_2>"011010010000000111010001001111000001"</marker_2>
<marker_3>"011010101100101001101001101001101011"</marker_3>
<marker_4>"010010010110110101100110010100100011"</marker_4>
<marker_5>"110011110001001010111000011101100100"</marker_5>
<marker_6>"011111111110010100110101011010001010"</marker_6>
<marker_7>"110101100000010100011001101011111000"</marker_7>
<marker_8>"010010011010010110111011101101011110"</marker_8>
<marker_9>"101011001100100101000010001010100000"</marker_9>
<marker_10>"101101110101000110010111010100110101"</marker_10>
<marker_11>"100000110100101011100101010110101101"</marker_11>
<marker_12>"010110010100110011110110101011101101"</marker_12>
<marker_13>"110101011101000001111001110000111001"</marker_13>
<marker_14>"000001110001110011011011111110000011"</marker_14>
<marker_15>"001110000001001100111100110011101001"</marker_15>
<marker_16>"101011110010110011101101110101010100"</marker_16>
<marker_17>"011010101101010100000001100101110101"</marker_17>
<marker_18>"001010000111110101111100001110011111"</marker_18>
<marker_19>"000011101001010010010111000010100000"</marker_19>
<marker_20>"110011010010110000000111001010001100"</marker_20>
<marker_21>"100001010100010100111110110010000001"</marker_21>
<marker_22>"100110011011101011101001010100011010"</marker_22>
<marker_23>"111110010010011101010100010010010100"</marker_23>
<marker_24>"010011100101101001011110001010010100"</marker_24>
<marker_25>"011010110011110000010100111001000011"</marker_25>
<marker_26>"111101101110101001001010000110000011"</marker_26>
<marker_27>"101001101001001011110101111000101000"</marker_27>
<marker_28>"010100011001101001101011001100101101"</marker_28>
<marker_29>"011111010110100101111101101001110100"</marker_29>
<marker_30>"000001011011100101000001001010011010"</marker_30>
<marker_31>"010100101011011111000100100101101011"</marker_31>
<marker_32>"010001000011000001101011100101010100"</marker_32>
<marker_33>"111100010010010100100010101011010010"</marker_33>
<marker_34>"010010111000110000110000000111111011"</marker_34>
<marker_35>"101001111100010100010010101001101110"</marker_35>
<marker_36>"110101001010001010011101010111010100"</marker_36>
<marker_37>"001100101001100110101101100100010000"</marker_37>
<marker_38>"100101000111101101111100010010010010"</marker_38>
<marker_39>"111001001111100111101110110101101011"</marker_39>
<marker_40>"001000000111111011001010010100000100"</marker_40>
<marker_41>"001110011000100001010110000100110101"</marker_41>
<marker_42>"100000011101011111011010110101011010"</marker_42>
<marker_43>"010010100110010010110101010100010110"</marker_43>
<marker_44>"101101111100011010011001110100100010"</marker_44>
<marker_45>"001110010110010110000111100110101100"</marker_45>
<marker_46>"110101110001100101001000010110100101"</marker_46>
<marker_47>"110011000110100110010010010010000111"</marker_47>
<marker_48>"101001110101101101000011101001010001"</marker_48>
<marker_49>"010110110110101011111110100010011010"</marker_49>
<marker_50>"100101101011010100000100111001010010"</marker_50>
<marker_51>"011001110000010110101101011011100001"</marker_51>
<marker_52>"111010101101001111011010101011000011"</marker_52>
<marker_53>"101101010010101011110010111000001111"</marker_53>
<marker_54>"101101101001101001100110010110010100"</marker_54>
<marker_55>"110000111011110101101000101001101110"</marker_55>
<marker_56>"000011110000001010000111001111110101"</marker_56>
<marker_57>"010010100101110110010010111000100100"</marker_57>
<marker_58>"100101101101010100101000010110011110"</marker_58>
<marker_59>"100111010110010111010010111110010000"</marker_59>
<marker_60>"100101100111101001101011110001101111"</marker_60>
<marker_61>"010001101001001100001101101001101101"</marker_61>
<marker_62>"101011101001010100100110010100101101"</marker_62>
<marker_63>"010001110101111000110100110110110101"</marker_63>
<marker_64>"010110000010100010101011000001001010"</marker_64>
<marker_65>"110101110000011010101011010010001100"</marker_65>
<marker_66>"000111101001010010101001101101001010"</marker_66>
<marker_67>"110010001001101011001001011010000001"</marker_67>
<marker_68>"100101001010100101011010001101001010"</marker_68>
<marker_69>"101001010000001010001010001110001010"</marker_69>
<marker_70>"101101101110110100010110011010111101"</marker_70>
<marker_71>"111000101000011010101011101100110001"</marker_71>
<marker_72>"010100001101011001111001000001001010"</marker_72>
<marker_73>"101011011010010110001111010110010010"</marker_73>
<marker_74>"000111010100110101101011010111010110"</marker_74>
<marker_75>"000111101101101011010010001111001001"</marker_75>
<marker_76>"010110110101110101011101101101101011"</marker_76>
<marker_77>"111110111110010010001010001010010111"</marker_77>
<marker_78>"111000101001010010000100101100001110"</marker_78>
<marker_79>"101101110000110000111000011101010010"</marker_79>
<marker_80>"001010000110101100010110101011000001"</marker_80>
<marker_81>"011111101101101101110101010100110011"</marker_81>
<marker_82>"101011101101101011101100100000110101"</marker_82>
<marker_83>"010001011000111010110101111100001010"</marker_83>
<marker_84>"011010101011100110100111101011011111"</marker_84>
<marker_85>"110011101001111101110111100111011000"</marker_85>
<marker_86>"001010100000011111001010110011010110"</marker_86>
<marker_87>"010011010100101001010001000001101101"</marker_87>
<marker_88>"101011100011000001011010011010011011"</marker_88>
<marker_89>"001101010100000100001010110101011101"</marker_89>
<marker_90>"101001001000000111111100111110010100"</marker_90>
<marker_91>"111100100111001111100001100000000001"</marker_91>
<marker_92>"101101100101010011100000111100110111"</marker_92>
<marker_93>"001010001100100000100111111110010010"</marker_93>
<marker_94>"001110000011100111000111110101010110"</marker_94>
<marker_95>"111000010110001000111000111110010110"</marker_95>
<marker_96>"010100010110111110011001000011010010"</marker_96>
<marker_97>"101001110000010001010100101110111101"</marker_97>
<marker_98>"101110110101110110110101000001000001"</marker_98>
<marker_99>"011111111001010010010100110000111010"</marker_99>
<marker_100>"011010000110000001011011011010100110"</marker_100>
<marker_101>"101101011100001111010110101011011101"</marker_101>
<marker_102>"001010100101001010100000010110100011"</marker_102>
<marker_103>"001000110101000100010100010010010010"</marker_103>
<marker_104>"100101100000111100001011001100101111"</marker_104>
<marker_105>"110011000100000001100101111110001111"</marker_105>
<marker_106>"100110110000011001100101101110100010"</marker_106>
<marker_107>"100101111001001010010100001100000011"</marker_107>
<marker_108>"111000110101000111001001111101101101"</marker_108>
<marker_109>"001110110000010010101001000001111100"</marker_109>
<marker_110>"000101101101110101101110101110101101"</marker_110>
<marker_111>"010100011111001100011101111000110010"</marker_111>
<marker_112>"001001010100110101110101010010111100"</marker_112>
<marker_113>"100101010111000011010010010111101011"</marker_113>
<marker_114>"111100011010001010100101110110101110"</marker_114>
<marker_115>"011110011101100011100101101101011001"</marker_115>
<marker_116>"000010110101011111010011010110111100"</marker_116>
<marker_117>"001110001010111110101101001111101011"</marker_117>
<marker_118>"101110011101101101011010111110101101"</marker_118>
<marker_119>"001111100110010100101011111000110001"</marker_119>
<marker_120>"010110000011010100100001100100001111"</marker_120>
<marker_121>"000101110101111000010110101101001010"</marker_121>
<marker_122>"001100010110100001111011101101101111"</marker_122>
<marker_123>"000111000100001010101011010110010001"</marker_123>
<marker_124>"010100111010111100101101101101010100"</marker_124>
<marker_125>"000011001010000101000101011111101001"</marker_125>
